91
75
72
69
68
0
61
49
89
45
17
0
12
20
29
28
32
147
38
37
16
34
44
29
61
52
29
55
12
37
41
17
19
134
119
89
200
108
81
146
18
18
18
18
18
18
18
18
18
18
18
134
69
69
70
70
69
29
29
29
56
56
101
17
17
17
84
35
104
89
109
44
47
47
38
156
112
111
134
50
124
124
90
103
40
73
91
125
52
54
33
42
31
18
19
13
91
52
27
43
86
69
59
46
92
169
103
8
17
40
51
24
93
159
25
20
17
65
67
23
77
50
89
97
65
106
8
53
81
118
102
154
70
75
41
60
33
70
136
61
71
122
24
136
83
70
122
91
115
107
41
67
78
66
75
111
29
22
77
13
81
131
188
71
123
47
79
89
123
17
97
79
87
111
75
53
11
104
18
79
97
41
113
228
58
26
107
116
40
46
57
53
65
